0 0 0 1 15.925406765753
0 0 0 2 15.6871859017925
0 0 0 3 15.7880280274189
0 0 0 4 15.8565990243541
0 0 0 5 12.8724391199273
0 0 0 6 9.72515431637409
0 0 0 7 9.32994358718179
0 0 0 8 12.57652216469
0 0 0 9 9.49851961187436
0 0 0 10 12.5568833817819
0 0 0 11 12.642991097373
0 0 0 12 9.61206421335939
0 0 0 13 6.90829981495542
0.02 0.02 0.02 14 4.09891139934126
0.02 0.02 0.02 15 3.04282768312676
0 0 0 16 6.34713203093408
0.02 0.02 0.02 17 3.6104746950318
0 0 0 18 6.27432481519323
0 0 0 19 6.44675394490501
0.02 0.02 0.02 20 3.88981348434918
0.02 0.02 0.02 21 4.2001554450273
0 0 0 22 17.1996965159173
0 0 0 23 14.0105113289485
0 0 0 24 13.7391283770587
0 0 0 25 16.9793633891958
0 0 0 26 14.7703219305202
0 0 0 27 14.513153716333
0 0 0 28 15.6751248305987
0 0 0 29 15.7441875649217
0 0 0 30 15.8818665925567
0 0 0 31 15.950034172012
0 0 0 32 10.995106113264
0 0 0 33 7.89761305010578
0 0 0 34 7.37680058348425
0 0 0 35 10.6471394893013
0 0 0 36 8.6613913631264
0 0 0 37 11.5984703939807
0 0 0 38 11.2691497613064
0 0 0 39 8.21516410109656
0 0 0 40 9.30965006202972
0 0 0 41 12.8739764825494
0 0 0 42 12.9579772378955
0 0 0 43 9.42547016875192
0 0 0 44 9.65369008650921
0 0 0 45 12.5046460145175
0 0 0 46 12.5911109745316
0 0 0 47 9.76543065670678
0 0 0 48 5.28833706589807
0.02 0.02 0.02 49 4.53885414040861
0.02 0.02 0.02 50 3.79815220333635
0 0 0 51 5.62701868289497
0.02 0.02 0.02 52 4.99719996328215
0.02 0.02 0.02 53 2.43594958093451
0.02 0.02 0.02 54 3.06881613809708
0 0 0 55 6.90267376298293
0 0 0 56 7.05770458286966
0.02 0.02 0.02 57 3.40570746151627
0.02 0.02 0.02 58 4.03267409449278
0 0 0 59 6.20129217007893
0 0 0 60 6.37116738621747
0.02 0.02 0.02 61 4.30882578104883
0.02 0.02 0.02 62 1.78666638048525
0.02 0.02 0.02 63 3.29879339696819
0.02 0.02 0.02 64 0
0.02 0.02 0.02 65 2.63805018349343
0.02 0.02 0.02 66 1.31419991077769
0.02 0.02 0.02 67 1.02393483889713
0.02 0.02 0.02 68 3.11280009483463
0.02 0.02 0.02 69 3.05535113585074
0.02 0.02 0.02 70 3.28328536923964
0.02 0.02 0.02 71 4.18913746392962
